month,airline_id,unique_carrier,carrier,carrier_name,carrier_group_new,sdomt_gallons,satl_gallons,spac_gallons,slat_gallons,sint_gallons,ts_gallons,tdomt_gallons,tint_gallons,total_gallons,sdomt_cost,satl_cost,spac_cost,slat_cost,sint_cost,ts_cost,tdomt_cost,tint_cost,total_cost,year
1,,,0JQ,,1,0,0,0,0,0,0,3000,0,3000,0,0,0,0,0,0,5100,0,5100,2016
1,21352,0WQ,0WQ,Avjet Corporation,1,0,0,0,0,0,0,163052,47060,210112,0,0,0,0,0,0,396216,140239,536455,2016
1,21645,23Q,23Q,Songbird Airways Inc.,1,0,0,0,0,0,0,0,0,0,0,0,0,0,0,0,0,0,0,2016
1,21652,27Q,27Q,"Jet Aviation Flight Services, Inc.",1,0,0,0,0,0,0,0,0,0,0,0,0,0,0,0,0,0,0,2016
1,20408,5V,5V,Tatonduk Outfitters Limited d/b/a Everts Air Alaska and Everts Air Cargo,1,260848,0,0,0,0,260848,284362,0,284362,522405,0,0,0,0,522405,569497,0,569497,2016
1,19917,5X,5X,United Parcel Service,3,32138000,9743000,16116000,2972000,28831000,60969000,32138000,28831000,60969000,34098000,9752000,17965000,3524000,31241000,65339000,34098000,31241000,65339000,2016
1,20007,5Y,5Y,Atlas Air Inc.,3,0,0,0,0,0,0,4850893,19958297,24809190,0,0,0,0,0,0,8575368,35795479,44370847,2016
1,19874,8C,8C,Air Transport International,2,0,0,0,0,0,0,24211,725041,749252,0,0,0,0,0,0,42347,1855154,1897501,2016
1,20363,9E,9E,Endeavor Air Inc.,2,0,0,0,0,0,0,0,0,0,0,0,0,0,0,0,0,0,0,2016
1,20190,9S,9S,Southern Air Inc.,2,821638,4696010,580875,0,5276885,6098523,821638,5276885,6098523,1725440,9861621,1219839,0,11081460,12806900,1725440,11081460,12806900,2016
1,19805,AA,AA,American Airlines Inc.,3,174110023,34804210,18848029,54176666,107828905,281938928,174766325,107982308,282748633,195098544,34536551,18632951,68174028,121343530,316442074,195806362,121537723,317344085,2016
1,20453,ABX,ABX,ABX Air Inc,2,193054,0,0,0,0,193054,193054,0,193054,461092,0,0,0,0,461092,461092,0,461092,2016
1,19930,AS,AS,Alaska Airlines Inc.,3,36507433,0,0,1070108,1070108,37577541,36597369,1070108,37667477,45727266,0,0,1324811,1324811,47052077,45827760,1324811,47152571,2016
1,20409,B6,B6,JetBlue Airways,3,48414077,0,0,12141747,12141747,60555824,48414077,12209631,60623708,56262137,0,0,14109959,14109959,70372096,56262137,14275362,70537499,2016
1,21167,CP,CP,Compass Airlines,2,0,0,0,0,0,0,0,0,0,0,0,0,0,0,0,0,0,0,2016
1,19790,DL,DL,Delta Air Lines Inc.,3,137682215,51147892,38502896,30606142,120256930,257939145,139317615,120833633,260151248,187259219,69565371,52367129,41626889,163559389,350818608,190375249,164343753,354719002,2016
1,21650,EE,EE,Eastern Airlines Group Inc.,1,0,0,0,0,0,0,153520,221520,375040,0,0,0,0,0,0,202646,292406,495052,2016
1,20366,EV,EV,ExpressJet Airlines Inc.,3,81827,0,0,0,0,81827,81827,0,81827,159104,0,0,0,0,159104,159104,0,159104,2016
1,20436,F9,F9,Frontier Airlines Inc.,3,14431035,0,0,1659053,1659053,16090088,14496478,1659053,16155531,14466443,0,0,1912704,1912704,16379147,14532960,1912704,16445664,2016
1,20107,FX,FX,Federal Express Corporation,3,56549784,11101514,18643661,898730,30643905,87193689,57475790,31238131,88713921,58229000,12100000,22567000,1246000,35913000,94142000,59236000,37262000,96498000,2016
1,20368,G4,G4,Allegiant Air,3,11716758,0,0,0,0,11716758,12264170,0,12264170,14906048,0,0,0,0,14906048,15650180,0,15650180,2016
1,20500,G7,G7,GoJet Airlines LLC d/b/a United Express,2,0,0,0,0,0,0,0,0,0,0,0,0,0,0,0,0,0,0,2016
1,20166,GFQ,GFQ,Gulf And Caribbean Cargo,1,0,0,0,0,0,0,58531,73029,131560,0,0,0,0,0,0,87972,123487,211459,2016
1,20402,GL,GL,Miami Air International,2,0,0,0,0,0,0,471222,214746,685968,0,0,0,0,0,0,857483,390776,1248259,2016
1,19690,HA,HA,Hawaiian Airlines Inc.,3,13941595,0,5999327,0,5999327,19940922,13941595,6025122,19966717,15802368,0,7402409,0,7402409,23204777,15802368,7439636,23242004,2016
1,20310,WL,K8,"Caribbean Sun Airlines, Inc. d/b/a World Atlantic Airlines",1,0,0,0,0,0,0,48403,40699,89102,0,0,0,0,0,0,123588,103917,227505,2016
1,20370,KAQ,KAQ,Kalitta Air LLC,2,0,0,0,0,0,0,410148,3050479,3460627,0,0,0,0,0,0,611545,4869792,5481337,2016
1,21629,KD,KD,Western Global,1,0,0,0,0,0,0,0,0,0,0,0,0,0,0,0,0,0,0,2016
1,21634,KH,KH,Aloha Air Cargo,1,413456,0,0,0,0,413456,413456,0,413456,434504,0,0,0,0,434504,434504,0,434504,2016
1,20372,KLQ,KLQ,Kalitta Charters II,1,0,0,0,0,0,0,109805,27841,137646,0,0,0,0,0,0,185000,53552,238552,2016
1,20169,L2,L2,Lynden Air Cargo Airlines,1,89510,0,0,0,0,89510,186910,65872,252782,161258,0,0,0,0,161258,367368,22949,390317,2016
1,20151,M6,M6,Amerijet International,2,0,0,0,1430179,1430179,1430179,272239,1519209,1791448,0,0,0,1749260,1749260,1749260,332977,1858153,2191130,2016
1,20398,MQ,MQ,Envoy Air,3,0,0,0,0,0,0,0,0,0,0,0,0,0,0,0,0,0,0,2016
1,20405,N8,N8,National Air Cargo Group Inc d/ba National Airlines,1,83122,0,0,0,0,83122,137248,638661,775909,115124,0,0,0,0,115124,189081,1308431,1497512,2016
1,20108,NC,NC,Northern Air Cargo Inc.,1,330685,0,0,0,0,330685,434377,12514,446891,436594,0,0,0,0,436594,593187,19148,612335,2016
1,20416,NK,NK,Spirit Air Lines,3,21470845,0,0,2045962,2045962,23516807,21470845,2045962,23516807,26708498,0,0,2545059,2545059,29253557,26708498,2545059,29253557,2016
1,20397,OH,OH,PSA Airlines Inc.,2,0,0,0,0,0,0,0,0,0,0,0,0,0,0,0,0,0,0,2016
1,20304,OO,OO,SkyWest Airlines Inc.,3,5444514,0,0,0,0,5444514,5444514,0,5444514,8161174,0,0,0,0,8161174,8161174,0,8161174,2016
1,20177,PFQ,PFQ,Asia Pacific,1,0,0,0,0,0,0,0,273735,273735,0,0,0,0,0,0,0,512160,512160,2016
1,20100,PO,PO,Polar Air Cargo Airways,3,2743245,732505,11340447,0,12072952,14816197,2743245,12072952,14816197,3475089,1137597,13613593,0,14751190,18226279,3475089,14751190,18226279,2016
1,20149,PRQ,PRQ,Florida West Airlines Inc.,1,0,0,0,0,0,0,0,0,0,0,0,0,0,0,0,0,0,0,2016
1,19687,QX,QX,Horizon Air,2,0,0,0,0,0,0,0,0,0,0,0,0,0,0,0,0,0,0,2016
1,20448,S5,S5,Shuttle America Corp.,2,3793819,0,0,0,0,3793819,3793819,0,3793819,3841009,0,0,0,0,3841009,3841009,0,3841009,2016
1,20422,SY,SY,Sun Country Airlines d/b/a MN Airlines,2,2960736,0,0,1785889,1785889,4746625,3278155,1902325,5180480,3610049,0,0,2309531,2309531,5919580,4337385,2485305,6822690,2016
1,20447,U7,U7,USA Jet Airlines Inc.,2,0,0,0,0,0,0,222925,8289,231214,0,0,0,0,0,0,262237,15708,277945,2016
1,19977,UA,UA,United Air Lines Inc.,3,105832738,49571536,53863397,29504788,132939721,238772459,106816177,133413618,240229795,116933634,57361049,65397671,36006770,158765490,275699124,118320230,159405790,277726020,2016
1,21171,VX,VX,Virgin America,3,13914216,0,0,208163,208163,14122379,13986522,208163,14194685,15933654,0,0,252429,252429,16186083,16027319,252429,16279748,2016
1,20308,WE,WE,Centurion Cargo Inc.,2,0,0,0,0,0,0,0,449711,449711,0,0,0,0,0,0,0,537169,537169,2016
1,20195,WI,WI,Sky Lease Cargo,1,0,0,0,0,0,0,0,0,0,0,0,0,0,0,0,0,0,0,2016
1,20287,WP,WP,Island Air Hawaii,1,97142,0,0,0,0,97142,97142,0,97142,116920,0,0,0,0,116920,116920,0,116920,2016
1,20377,X9,X9,Omni Air Express,2,0,0,0,0,0,0,427170,2334415,2761585,0,0,0,0,0,0,717850,7200582,7918432,2016
1,20207,XP,XP,XTRA Airways,1,0,0,0,0,0,0,290899,468922,759821,0,0,0,0,0,0,494418,796989,1291407,2016
1,20378,YV,YV,Mesa Airlines Inc.,2,0,0,0,0,0,0,0,0,0,0,0,0,0,0,0,0,0,0,2016
1,20452,YX,YX,Republic Airlines,2,12732476,0,0,0,0,12732476,12732476,0,12732476,14986287,0,0,0,0,14986287,14986287,0,14986287,2016
1,20046,ZW,ZW,Air Wisconsin Airlines Corp,2,6016332,0,0,0,0,6016332,6016332,0,6016332,7953100,0,0,0,0,7953100,7953100,0,7953100,2016
1,19393,WN,WN,Southwest Airlines Co.,3,152934872,0,0,1247049,1247049,154181921,153259159,1247049,154506208,275515401,0,0,1771696,1771696,277287097,275939739,1771696,277711435,2016
1,21161,09Q,09Q,"Swift Air, LLC",1,0,0,0,0,0,0,256774,95831,352605,0,0,0,0,0,0,809790,168157,977947,2017
1,21352,0WQ,0WQ,Avjet Corporation,1,0,0,0,0,0,0,21569,4449,26018,0,0,0,0,0,0,66217,15041,81258,2017
1,21492,1BQ,1BQ,"Dynamic Airways, LLC",1,0,0,0,0,0,0,4597,214712,219309,0,0,0,0,0,0,32362,1508670,1541032,2017
1,21645,23Q,23Q,Songbird Airways Inc.,1,0,0,0,0,0,0,2013,80888,82901,0,0,0,0,0,0,4005,160926,164931,2017
1,21652,27Q,27Q,"Jet Aviation Flight Services, Inc.",1,0,0,0,0,0,0,0,0,0,0,0,0,0,0,0,0,0,0,2017
1,20408,5V,5V,Tatonduk Outfitters Limited d/b/a Everts Air Alaska and Everts Air Cargo,1,288080,0,0,0,0,288080,343787,0,343787,640228,0,0,0,0,640228,764031,0,764031,2017
1,19917,5X,5X,United Parcel Service,3,34644000,10416000,16379000,2940000,29735000,64379000,34644000,29735000,64379000,53132000,13782000,23341000,4811000,41934000,95066000,53132000,41934000,95066000,2017
1,20007,5Y,5Y,Atlas Air Inc.,3,0,0,0,0,0,0,6480235,24055137,30535372,0,0,0,0,0,0,12025032,43357114,55382146,2017
1,19874,8C,8C,Air Transport International,2,0,0,0,0,0,0,47241,555302,602543,0,0,0,0,0,0,59783,1064685,1124468,2017
1,20363,9E,9E,Endeavor Air Inc.,2,0,0,0,0,0,0,0,0,0,0,0,0,0,0,0,0,0,0,2017
1,20190,9S,9S,Southern Air Inc.,2,718335,4203058,530133,0,4733191,5451526,718335,4733191,5451526,1508503,8826422,1113279,0,9939701,11448204,1508503,9939701,11448204,2017
1,19805,AA,AA,American Airlines Inc.,3,173469401,33206328,24149194,49782778,107138300,280607701,174090394,107455774,281546168,266034459,52883341,38300249,82143269,173326859,439361318,267005785,173882538,440888323,2017
1,20453,ABX,ABX,ABX Air Inc,2,17328,0,0,0,0,17328,17328,0,17328,29284,0,0,0,0,29284,29284,0,29284,2017
1,19930,AS,AS,Alaska Airlines Inc.,3,39039714,0,0,759544,759544,39799258,39098220,759544,39857764,68342738,0,0,1406341,1406341,69749079,68433988,1406341,69840329,2017
1,20409,B6,B6,JetBlue Airways,3,52616464,0,0,12623355,12623355,65239819,52620184,12623355,65243539,88820941,0,0,21309267,21309267,110130208,88828064,21309267,110137331,2017
1,21167,CP,CP,Compass Airlines,2,0,0,0,0,0,0,0,0,0,0,0,0,0,0,0,0,0,0,2017
1,19790,DL,DL,Delta Air Lines Inc.,3,150473387,44131080,32347693,29282078,105760851,256234238,152284041,105902941,258186982,250418287,73443082,53833134,48731327,176007543,426425830,254460963,176244009,430704972,2017
1,21650,EE,EE,Eastern Airlines Group Inc.,1,0,0,0,0,0,0,148320,279440,427760,0,0,0,0,0,0,280325,528142,808467,2017
1,20366,EV,EV,ExpressJet Airlines Inc.,3,87798,0,0,0,0,87798,87798,0,87798,241962,0,0,0,0,241962,241962,0,241962,2017
1,20436,F9,F9,Frontier Airlines Inc.,3,17285649,0,0,1581768,1581768,18867417,17288699,1581768,18870467,26865074,0,0,2667264,2667264,29532338,26871434,2667264,29538698,2017
1,20107,FX,FX,Federal Express Corporation,3,56840294,11705353,18691628,1936777,32333758,89174052,58142242,32953989,91096231,89360000,19233000,30560000,3384000,53177000,142537000,91498000,54335000,145833000,2017
1,20368,G4,G4,Allegiant Air,3,13670041,0,0,0,0,13670041,14466463,0,14466463,24628856,0,0,0,0,24628856,26151460,0,26151460,2017
1,20500,G7,G7,GoJet Airlines LLC d/b/a United Express,2,0,0,0,0,0,0,0,0,0,0,0,0,0,0,0,0,0,0,2017
1,20166,GFQ,GFQ,Gulf And Caribbean Cargo,1,0,0,0,0,0,0,72400,96485,168885,0,0,0,0,0,0,152176,211456,363632,2017
1,20402,GL,GL,Miami Air International,2,0,0,0,0,0,0,340111,367649,707760,0,0,0,0,0,0,741648,804181,1545829,2017
1,19690,HA,HA,Hawaiian Airlines Inc.,3,14146777,0,7342205,0,7342205,21488982,14166464,7342205,21508669,22743910,0,11956007,0,11956007,34699917,22776163,11956007,34732170,2017
1,20310,WL,K8,"Caribbean Sun Airlines, Inc. d/b/a World Atlantic Airlines",1,0,0,0,0,0,0,82209,12299,94508,0,0,0,0,0,0,173913,26018,199931,2017
1,20370,KAQ,KAQ,Kalitta Air LLC,2,0,0,0,0,0,0,547707,3026276,3573983,0,0,0,0,0,0,904665,5560123,6464788,2017
1,21629,KD,KD,Western Global,1,0,0,0,0,0,0,313863,342172,656035,0,0,0,0,0,0,635754,687321,1323075,2017
1,21634,KH,KH,Aloha Air Cargo,1,436860,0,0,0,0,436860,436860,0,436860,723082,0,0,0,0,723082,723082,0,723082,2017
1,20372,KLQ,KLQ,Kalitta Charters II,1,0,0,0,0,0,0,69542,38921,108463,0,0,0,0,0,0,145734,90451,236185,2017
1,20169,L2,L2,Lynden Air Cargo Airlines,1,79040,0,0,0,0,79040,168849,16907,185756,186411,0,0,0,0,186411,420337,26124,446461,2017
1,20151,M6,M6,Amerijet International,2,0,0,0,1424029,1424029,1424029,196716,1424029,1620745,0,0,0,2577590,2577590,2577590,356069,2577590,2933659,2017
1,20398,MQ,MQ,Envoy Air,3,0,0,0,0,0,0,0,0,0,0,0,0,0,0,0,0,0,0,2017
1,20405,N8,N8,National Air Cargo Group Inc d/ba National Airlines,1,0,0,0,0,0,0,130949,1112308,1243257,0,0,0,0,0,0,308864,2269013,2577877,2017
1,20108,NC,NC,Northern Air Cargo Inc.,1,330977,0,0,0,0,330977,365193,1235,366428,604311,0,0,0,0,604311,655609,2324,657933,2017
1,20416,NK,NK,Spirit Air Lines,3,24523033,0,0,2103496,2103496,26626529,24523033,2103496,26626529,42391182,0,0,3636160,3636160,46027342,42391182,3636160,46027342,2017
1,20397,OH,OH,PSA Airlines Inc.,2,0,0,0,0,0,0,0,0,0,0,0,0,0,0,0,0,0,0,2017
1,20304,OO,OO,SkyWest Airlines Inc.,3,5631031,0,0,0,0,5631031,5631031,0,5631031,11005676,0,0,0,0,11005676,11005676,0,11005676,2017
1,20177,PFQ,PFQ,Asia Pacific,1,0,0,0,0,0,0,0,287340,287340,0,0,0,0,0,0,0,540515,540515,2017
1,20100,PO,PO,Polar Air Cargo Airways,3,2972233,706618,12426063,0,13132681,16104914,2972233,13132681,16104914,4932681,1381548,19169925,0,20551473,25484154,4932681,20551473,25484154,2017
1,20149,PRQ,PRQ,Florida West Airlines Inc.,1,0,0,0,0,0,0,0,0,0,0,0,0,0,0,0,0,0,0,2017
1,19687,QX,QX,Horizon Air,2,0,0,0,0,0,0,0,0,0,0,0,0,0,0,0,0,0,0,2017
1,20422,SY,SY,Sun Country Airlines d/b/a MN Airlines,2,3244005,0,0,1610803,1610803,4854808,3884944,1714785,5599729,5683184,0,0,2989805,2989805,8672989,6660467,3155260,9815727,2017
1,20447,U7,U7,USA Jet Airlines Inc.,2,0,0,0,0,0,0,277568,6307,283875,0,0,0,0,0,0,482968,15157,498125,2017
1,19977,UA,UA,United Air Lines Inc.,3,114135421,50681127,56129894,32327378,139138399,253273820,115242670,139805649,255048319,181090577,81595787,92134732,54909181,228639700,409730277,182772832,229727957,412500789,2017
1,21171,VX,VX,Virgin America,3,15375472,0,0,176095,176095,15551567,15928312,176095,16104407,24081055,0,0,314887,314887,24395942,24994366,314887,25309253,2017
1,20195,WI,WI,Sky Lease Cargo,1,0,0,0,0,0,0,0,0,0,0,0,0,0,0,0,0,0,0,2017
1,20287,WP,WP,Island Air Hawaii,1,195365,0,0,0,0,195365,195365,0,195365,329664,0,0,0,0,329664,329664,0,329664,2017
1,20377,X9,X9,Omni Air International LLC,2,0,0,0,0,0,0,481822,2856741,3338563,0,0,0,0,0,0,880829,5972428,6853257,2017
1,20207,XP,XP,XTRA Airways,1,0,0,0,0,0,0,359944,339349,699293,0,0,0,0,0,0,716107,675133,1391240,2017
1,20378,YV,YV,Mesa Airlines Inc.,2,0,0,0,0,0,0,0,0,0,0,0,0,0,0,0,0,0,0,2017
1,20452,YX,YX,Republic Airline,2,0,0,0,0,0,0,0,0,0,0,0,0,0,0,0,0,0,0,2017
1,20046,ZW,ZW,Air Wisconsin Airlines Corp,2,3636,0,0,0,0,3636,3636,0,3636,12151,0,0,0,0,12151,12151,0,12151,2017
1,19393,WN,WN,Southwest Airlines Co.,3,162137430,0,0,1327699,1327699,163465129,162340545,1327699,163668244,288113764,0,0,2697338,2697338,290811102,288448797,2697338,291146135,2017
1,21236,0JQ,0JQ,Vision Airlines,1,0,0,0,0,0,0,113588,20237,133825,0,0,0,0,0,0,290954,87265,378219,2015
1,21352,0WQ,0WQ,Avjet Corporation,1,0,0,0,0,0,0,149758,23240,172998,0,0,0,0,0,0,515168,61121,576289,2015
1,20397,OH,16,PSA Airlines Inc.,2,0,0,0,0,0,0,0,0,0,0,0,0,0,0,0,0,0,0,2015
1,21645,23Q,23Q,Sky King Inc.,1,0,0,0,0,0,0,0,0,0,0,0,0,0,0,0,0,0,0,2015
1,20408,5V,5V,Tatonduk Outfitters Limited d/b/a Everts Air Alaska and Everts Air Cargo,1,248419,0,0,0,0,248419,312227,0,312227,747989,0,0,0,0,747989,940115,0,940115,2015
1,19917,5X,5X,United Parcel Service,3,30696000,9987000,16233000,2782000,29002000,59698000,30696000,29002000,59698000,50705000,15919000,29010000,4971000,49900000,100605000,50705000,49900000,100605000,2015
1,20007,5Y,5Y,Atlas Air Inc.,3,0,0,0,0,0,0,4710772,21042723,25753495,0,0,0,0,0,0,10592898,50069690,60662588,2015
1,19874,8C,8C,Air Transport International,2,0,0,0,0,0,0,14998,662346,677344,0,0,0,0,0,0,52103,2254606,2306709,2015
1,20363,9E,9E,Endeavor Air Inc.,2,0,0,0,0,0,0,0,0,0,0,0,0,0,0,0,0,0,0,2015
1,20190,9S,9S,Southern Air Inc.,2,0,1951180,1971252,0,3922432,3922432,0,3922432,3922432,0,7063272,7135932,0,14199204,14199204,0,14199204,14199204,2015
1,19805,AA,AA,American Airlines Inc.,3,110155124,24287442,17010699,48202691,89500832,199655956,110395239,89593784,199989023,195473294,38616773,29544866,86877338,155038977,350512271,195881242,155240499,351121741,2015
1,20453,ABX,ABX,ABX Air Inc,2,25773,0,0,0,0,25773,25773,0,25773,47791,0,0,0,0,47791,47791,0,47791,2015
1,19930,AS,AS,Alaska Airlines Inc.,3,32978180,0,0,1251059,1251059,34229239,33038474,1251059,34289533,65623892,0,0,2215594,2215594,67839486,65732649,2215594,67948243,2015
1,20409,B6,B6,JetBlue Airways,3,44725469,0,0,10140197,10140197,54865666,44725469,10140197,54865666,90381642,0,0,20491403,20491403,110873045,90381642,20491403,110873045,2015
1,21167,CP,CP,Compass Airlines,2,0,0,0,0,0,0,0,0,0,0,0,0,0,0,0,0,0,0,2015
1,19790,DL,DL,Delta Air Lines Inc.,3,128505448,52573705,42509341,30945052,126028098,254533546,130116496,127400046,257516542,321234269,131422254,106263644,77355563,315041461,636275730,325715496,318471018,644186514,2015
1,20366,EV,EV,ExpressJet Airlines Inc.,3,102060,0,0,0,0,102060,102060,0,102060,323056,0,0,0,0,323056,323056,0,323056,2015
1,20436,F9,F9,Frontier Airlines Inc.,3,12592758,0,0,2284310,2284310,14877068,12669754,2300570,14970324,23101489,0,0,4549847,4549847,27651336,23283640,4585615,27869255,2015
1,20203,FCQ,FCQ,Falcon Air Express,1,0,0,0,0,0,0,0,114398,114398,0,0,0,0,0,0,0,265402,265402,2015
1,20107,FX,FX,Federal Express Corporation,3,56990489,11439989,19820050,2154046,33414085,90404574,58367165,34155405,92522570,96924000,21150000,41200000,4594000,66944000,163868000,99393000,68733000,168126000,2015
1,20368,G4,G4,Allegiant Air,2,10111041,0,0,0,0,10111041,10542221,0,10542221,19132987,0,0,0,0,19132987,20000259,0,20000259,2015
1,20500,G7,G7,GoJet Airlines LLC d/b/a United Express,2,0,0,0,0,0,0,0,0,0,0,0,0,0,0,0,0,0,0,2015
1,20166,GFQ,GFQ,Gulf And Caribbean Cargo,1,0,0,0,0,0,0,51222,112409,163631,0,0,0,0,0,0,116655,260061,376716,2015
1,20402,GL,GL,Miami Air International,2,0,0,0,0,0,0,352524,329418,681942,0,0,0,0,0,0,844471,789123,1633594,2015
1,19690,HA,HA,Hawaiian Airlines Inc.,3,13589456,0,6143375,0,6143375,19732831,13687831,6160141,19847972,25405720,0,12708895,0,12708895,38114615,25605676,12740628,38346304,2015
1,20310,WL,K8,"Caribbean Sun Airlines, Inc. d/b/a World Atlantic Airlines",1,0,0,0,0,0,0,27448,160956,188404,0,0,0,0,0,0,52700,309033,361733,2015
1,20370,KAQ,KAQ,Kalitta Air LLC,2,0,0,0,0,0,0,522211,1894420,2416631,0,0,0,0,0,0,977220,4084550,5061770,2015
1,21629,KD,KD,Western Global,1,0,0,0,0,0,0,28288,16791,45079,0,0,0,0,0,0,51547,58373,109920,2015
1,21634,KH,KH,Aloha Air Cargo,1,469255,0,0,0,0,469255,469255,0,469255,790721,0,0,0,0,790721,790721,0,790721,2015
1,20372,KLQ,KLQ,Kalitta Charters II,1,0,0,0,0,0,0,99972,40900,140872,0,0,0,0,0,0,243506,85454,328960,2015
1,20169,L2,L2,Lynden Air Cargo Airlines,1,78107,0,0,0,0,78107,101851,0,101851,166748,0,0,0,0,166748,229402,0,229402,2015
1,20151,M6,M6,Amerijet International,2,0,0,0,1335976,1335976,1335976,215314,1476051,1691365,0,0,0,2394275,2394275,2394275,385876,2645311,3031187,2015
1,20398,MQ,MQ,Envoy Air,3,0,0,0,0,0,0,0,0,0,0,0,0,0,0,0,0,0,0,2015
1,20405,N8,MRQ,"National Air Cargo Group, Inc. d/b/a Murray Air",1,0,0,0,0,0,0,0,410414,410414,0,0,0,0,0,0,0,1264265,1264265,2015
1,20108,NC,NC,Northern Air Cargo Inc.,1,302864,0,0,0,0,302864,329481,0,329481,558213,0,0,0,0,558213,606305,0,606305,2015
1,20416,NK,NK,Spirit Air Lines,3,17117251,0,0,1923270,1923270,19040521,17117251,1923270,19040521,34434751,0,0,3869039,3869039,38303790,34434751,3869039,38303790,2015
1,20304,OO,OO,SkyWest Airlines Inc.,3,4128871,0,0,0,0,4128871,4128871,0,4128871,8969786,0,0,0,0,8969786,8969786,0,8969786,2015
1,20177,PFQ,PFQ,Asia Pacific,1,0,0,0,0,0,0,0,332961,332961,0,0,0,0,0,0,0,862055,862055,2015
1,20100,PO,PO,Polar Air Cargo Airways,3,2545828,888316,10920534,0,11808850,14354678,2545828,11808850,14354678,4488091,2039193,20059074,0,22098267,26586358,4488091,22098267,26586358,2015
1,20149,PRQ,PRQ,Florida West Airlines Inc.,1,0,0,0,0,0,0,0,0,0,0,0,0,0,0,0,0,0,0,2015
1,19687,QX,QX,Horizon Air,2,0,0,0,0,0,0,0,0,0,0,0,0,0,0,0,0,0,0,2015
1,20448,S5,S5,Shuttle America Corp.,2,6301599,0,0,0,0,6301599,6301599,0,6301599,10206564,0,0,0,0,10206564,10206564,0,10206564,2015
1,20422,SY,SY,Sun Country Airlines d/b/a MN Airlines,2,2756723,0,0,1323171,1323171,4079894,3243140,1586518,4829658,4990272,0,0,2483088,2483088,7473360,6151014,3000427,9151441,2015
1,20447,U7,U7,USA Jet Airlines Inc.,2,0,0,0,0,0,0,236043,8635,244678,0,0,0,0,0,0,413257,25046,438303,2015
1,19977,UA,UA,United Air Lines Inc.,3,107320509,52708715,56211091,28022429,136942235,244262744,108316645,137472732,245789377,187329301,98856737,106386576,52599803,257843116,445172417,189982976,258846726,448829702,2015
1,20355,US,US,US Airways Inc.,3,69739550,10615705,0,7509239,18124944,87864494,70101076,18215087,88316163,120874399,19367563,0,13620008,32987571,153861970,121510869,33158438,154669307,2015
1,21171,VX,VX,Virgin America,3,12398088,0,0,152809,152809,12550897,12441427,152809,12594236,23774320,0,0,272458,272458,24046778,23862346,272458,24134804,2015
1,20308,WE,WE,Centurion Cargo Inc.,2,0,0,0,0,0,0,0,354916,354916,0,0,0,0,0,0,0,589170,589170,2015
1,20195,WI,WI,Sky Lease Cargo,1,0,0,0,0,0,0,0,0,0,0,0,0,0,0,0,0,0,0,2015
1,20287,WP,WP,Island Air Hawaii,1,150568,0,0,0,0,150568,150568,0,150568,328845,0,0,0,0,328845,328845,0,328845,2015
1,20377,X9,X9,Omni Air Express,2,0,0,0,0,0,0,387380,2409067,2796447,0,0,0,0,0,0,819859,8121133,8940992,2015
1,20207,XP,XP,XTRA Airways,1,0,0,0,0,0,0,83607,188572,272179,0,0,0,0,0,0,288444,650573,939017,2015
1,20378,YV,YV,Mesa Airlines Inc.,2,0,0,0,0,0,0,0,0,0,0,0,0,0,0,0,0,0,0,2015
1,20452,YX,YX,Republic Airlines,2,13863113,0,0,0,0,13863113,13863113,0,13863113,24606382,0,0,0,0,24606382,24606382,0,24606382,2015
1,20046,ZW,ZW,Air Wisconsin Airlines Corp,2,6472639,0,0,0,0,6472639,6472639,0,6472639,13048498,0,0,0,0,13048498,13048498,0,13048498,2015
1,19393,WN,WN,Southwest Airlines Co.,3,142391393,0,0,807870,807870,143199263,142638841,807870,143446711,277084552,0,0,1556082,1556082,278640634,277572951,1556082,279129033,2015
1,21161,09Q,09Q,"Swift Air, LLC d/b/a Eastern Air Lines d/b/a Eastern",2,0,0,0,0,0,0,581221,653989,1235210,0,0,0,0,0,0,1831212,1618745,3449957,2019
1,21352,0WQ,0WQ,Avjet Corporation,1,0,0,0,0,0,0,0,0,0,0,0,0,0,0,0,0,0,0,2019
1,21492,1BQ,1BQ,"Eastern Airlines f/k/a Dynamic Airways, LLC",1,0,0,0,0,0,0,35325,25496,60821,0,0,0,0,0,0,102795,74193,176988,2019
1,21652,27Q,27Q,"Jet Aviation Flight Services, Inc.",1,0,0,0,0,0,0,0,0,0,0,0,0,0,0,0,0,0,0,2019
1,21712,2HQ,2HQ,Elite Airways LLC,1,66815,0,0,0,0,66815,410186,0,410186,175499,0,0,0,0,175499,1518919,0,1518919,2019
1,21974,3EQ,3EQ,"Scott Aviation, LLC  d/b/a  Silver Air",1,0,0,0,0,0,0,0,0,0,0,0,0,0,0,0,0,0,0,2019
1,20408,5V,5V,Tatonduk Outfitters Limited d/b/a Everts Air Alaska and Everts Air Cargo,1,287034,0,0,0,0,287034,304851,0,304851,746126,0,0,0,0,746126,792440,0,792440,2019
1,19917,5X,5X,United Parcel Service,3,41673000,12332000,16238000,2967000,31537000,73210000,41673000,31537000,73210000,75938000,22394000,29385000,5845000,57624000,133562000,75938000,57624000,133562000,2019
1,20007,5Y,5Y,Atlas Air Inc.,3,0,0,0,0,0,0,14285985,30124140,44410125,0,0,0,0,0,0,30473337,61310144,91783481,2019
1,19874,8C,8C,Air Transport International,2,0,0,0,0,0,0,23622,742229,765851,0,0,0,0,0,0,43613,1910733,1954346,2019
1,20363,9E,9E,Endeavor Air Inc.,2,0,0,0,0,0,0,0,0,0,0,0,0,0,0,0,0,0,0,2019
1,20190,9S,9S,Southern Air Inc.,2,879987,2095479,3874541,0,5970020,6850007,879987,5970020,6850007,1839813,4762196,7207014,0,11969210,13809023,1839813,11969210,13809023,2019
1,19805,AA,AA,American Airlines Inc.,3,181805365,35379724,19744574,48979198,104103496,285908861,182280559,104264171,286544730,330993694,65177657,36092606,94494528,195764791,526758485,331867432,196062834,527930266,2019
1,20453,ABX,ABX,ABX Air Inc,2,229897,0,0,0,0,229897,229897,0,229897,443700,0,0,0,0,443700,443700,0,443700,2019
1,19930,AS,AS,Alaska Airlines Inc.,3,55801380,0,0,1202557,1202557,57003937,55881608,1202557,57084165,114278887,0,0,2867163,2867163,117146050,114428031,2867163,117295194,2019
1,20409,B6,B6,JetBlue Airways,3,55214112,0,0,15194099,15194099,70408211,55214112,15194099,70408211,107587447,0,0,29606459,29606459,137193906,107587447,29606459,137193906,2019
1,21167,CP,CP,Compass Airlines,2,0,0,0,0,0,0,0,0,0,0,0,0,0,0,0,0,0,0,2019
1,19790,DL,DL,Delta Air Lines Inc.,3,165835898,48129821,28376721,29135082,105641624,271477522,167883633,105823230,273706863,340011832,98680134,58180533,59735394,216596061,556607893,345424031,216968407,562392438,2019
1,20366,EV,EV,ExpressJet Airlines Inc.,2,0,0,0,0,0,0,0,0,0,0,0,0,0,0,0,0,0,0,2019
1,20436,F9,F9,Frontier Airlines Inc.,3,19219538,0,0,2622943,2622943,21842481,19219538,2622943,21842481,33033803,0,0,4629668,4629668,37663471,33033803,4629668,37663471,2019
1,20107,FX,FX,Federal Express Corporation,3,61502329,14334224,21909780,1984964,38228968,99731297,63304927,39128919,102433846,111194000,26208000,39844000,4174000,70226000,181420000,114483000,72218000,186701000,2019
1,20368,G4,G4,Allegiant Air,3,12442727,0,0,0,0,12442727,12704100,79969,12784069,24884405,0,0,0,0,24884405,25451228,174212,25625440,2019
1,20500,G7,G7,GoJet Airlines LLC d/b/a United Express,2,0,0,0,0,0,0,0,0,0,0,0,0,0,0,0,0,0,0,2019
1,20166,GFQ,GFQ,Gulf And Caribbean Cargo,1,0,0,0,0,0,0,209031,149862,358893,0,0,0,0,0,0,525709,384656,910365,2019
1,20402,GL,GL,Miami Air International,2,0,0,0,0,0,0,471431,148428,619859,0,0,0,0,0,0,1315825,414285,1730110,2019
1,19690,HA,HA,Hawaiian Airlines Inc.,3,15257659,0,7346463,0,7346463,22604122,15280124,7346463,22626587,27092396,0,12857142,0,12857142,39949538,27129872,12857142,39987014,2019
1,20370,KAQ,KAQ,Kalitta Air LLC,2,0,0,0,0,0,0,1444216,3970232,5414448,0,0,0,0,0,0,3030143,9034418,12064561,2019
1,21629,KD,KD,Western Global,2,0,0,0,0,0,0,1404278,1361512,2765790,0,0,0,0,0,0,2693455,1751966,4445421,2019
1,21634,KH,KH,Aloha Air Cargo,2,432202,0,0,0,0,432202,432202,0,432202,863451,0,0,0,0,863451,863451,0,863451,2019
1,20372,KLQ,KLQ,Kalitta Charters II,1,0,0,0,0,0,0,67948,124783,192731,0,0,0,0,0,0,192105,348416,540521,2019
1,20169,L2,L2,Lynden Air Cargo Airlines,1,96124,0,0,0,0,96124,174531,25265,199796,209803,0,0,0,0,209803,425821,75490,501311,2019
1,20151,M6,M6,Amerijet International,2,0,0,0,995280,995280,995280,513000,1259892,1772892,0,0,0,1985393,1985393,1985393,1023337,2513244,3536581,2019
1,20398,MQ,MQ,Envoy Air,3,0,0,0,0,0,0,0,0,0,0,0,0,0,0,0,0,0,0,2019
1,20405,N8,N8,National Air Cargo Group Inc d/ba National Airlines,2,0,0,0,0,0,0,67058,730951,798009,0,0,0,0,0,0,225990,2182806,2408796,2019
1,20108,NC,NC,Northern Air Cargo Inc.,1,336228,0,0,0,0,336228,388494,0,388494,661891,0,0,0,0,661891,762275,0,762275,2019
1,20416,NK,NK,Spirit Air Lines,3,31236251,0,0,4626264,4626264,35862515,31236251,4626264,35862515,62051998,0,0,9190250,9190250,71242248,62051998,9190250,71242248,2019
1,20397,OH,OH,PSA Airlines Inc.,2,0,0,0,0,0,0,0,0,0,0,0,0,0,0,0,0,0,0,2019
1,20304,OO,OO,SkyWest Airlines Inc.,3,8150037,0,0,0,0,8150037,8150037,0,8150037,17779528,0,0,0,0,17779528,17779528,0,17779528,2019
1,20177,PFQ,PFQ,Asia Pacific,1,0,0,0,0,0,0,0,330575,330575,0,0,0,0,0,0,0,640575,640575,2019
1,20100,PO,PO,Polar Air Cargo Airways,3,3095682,731689,13380503,0,14112192,17207874,3095682,14112192,17207874,5600244,1626373,22917040,0,24543413,30143657,5600244,24543413,30143657,2019
1,19687,QX,QX,Horizon Air,2,0,0,0,0,0,0,0,0,0,0,0,0,0,0,0,0,0,0,2019
1,20422,SY,SY,Sun Country Airlines d/b/a MN Airlines,2,3603825,0,0,1228302,1228302,4832127,4116225,1344257,,7127230,0,0,2630245,2630245,9757475,9034510,2861737,11896247,2019
1,20447,U7,U7,USA Jet Airlines Inc.,2,0,0,0,0,0,0,467799,39870,507669,0,0,0,0,0,0,860549,167956,1028505,2019
1,19977,UA,UA,United Air Lines Inc.,3,127590604,53538012,55192482,32518620,141249114,268839718,128594032,141518914,270112946,234726719,98041019,102255125,63335233,263631377,498358096,236590640,264119815,500710455,2019
1,20195,WI,WI,Sky Lease Cargo,2,0,0,0,0,0,0,0,1329432,1329432,0,0,0,0,0,0,0,2664398,2664398,2019
1,20310,WL,WL,"Caribbean Sun Airlines, Inc. d/b/a World Atlantic Airlines",1,0,0,0,0,0,0,47941,0,47941,0,0,0,0,0,0,141256,0,141256,2019
1,20377,X9,X9,Omni Air International LLC,2,0,0,0,0,0,0,431442,3654782,4086224,0,0,0,0,0,0,905436,10495937,11401373,2019
1,20207,XP,XP,XTRA Airways,1,0,0,0,0,0,0,2501,0,2501,0,0,0,0,0,0,8341,0,8341,2019
1,20378,YV,YV,Mesa Airlines Inc.,2,0,0,0,0,0,0,0,0,0,0,0,0,0,0,0,0,0,0,2019
1,20452,YX,YX,Republic Airline,3,20121,0,0,0,0,20121,20121,0,20121,43183,0,0,0,0,43183,43183,0,43183,2019
1,19393,WN,WN,Southwest Airlines Co.,3,162877133,0,0,1789759,1789759,164666892,163091949,1789759,164881708,311257985,0,0,4071037,4071037,315329022,311660539,4071037,315731576,2019
1,21161,09Q,09Q,"Swift Air, LLC d/b/a Eastern Air Lines d/b/a Eastern",1,0,0,0,0,0,0,484770,982656,1467426,0,0,0,0,0,0,1504939,2703344,4208283,2018
1,21352,0WQ,0WQ,Avjet Corporation,1,0,0,0,0,0,0,38515,1210,39725,0,0,0,0,0,0,141350,4721,146071,2018
1,21652,27Q,27Q,"Jet Aviation Flight Services, Inc.",1,0,0,0,0,0,0,0,0,0,0,0,0,0,0,0,0,0,0,2018
1,21712,2HQ,2HQ,Elite Airways LLC,1,89988,0,0,0,0,89988,,0,462132,252948,0,0,0,0,252948,1785834,0,1785834,2018
1,20408,5V,5V,Tatonduk Outfitters Limited d/b/a Everts Air Alaska and Everts Air Cargo,1,309045,0,0,0,0,309045,364447,0,364447,837738,0,0,0,0,837738,987918,0,987918,2018
1,19917,5X,5X,United Parcel Service,3,39478000,11475000,17906000,3091000,32472000,71950000,39478000,32472000,71950000,79343000,22593000,34871000,6568000,64032000,143375000,79343000,64032000,143375000,2018
1,20007,5Y,5Y,Atlas Air Inc.,3,0,0,0,0,0,0,11947570,31103365,43050935,0,0,0,0,0,0,23833293,61556400,85389693,2018
1,19874,8C,8C,Air Transport International,2,0,0,0,0,0,0,74865,722440,797305,0,0,0,0,0,0,173708,1516586,1690294,2018
1,20363,9E,9E,Endeavor Air Inc.,2,0,0,0,0,0,0,0,0,0,0,0,0,0,0,0,0,0,0,2018
1,20190,9S,9S,Southern Air Inc.,2,676247,4092478,570460,0,4662938,5339185,676247,4662938,5339185,1420119,8594204,1197966,0,9792170,11212289,1420119,9792170,11212289,2018
1,19805,AA,AA,American Airlines Inc.,3,173505482,35052146,24241613,50238019,109531778,283037260,174171571,109802500,283974071,337146683,69965049,47361096,104353301,221679446,558826129,338396257,222238669,560634926,2018
1,20453,ABX,ABX,ABX Air Inc,2,44160,0,0,0,0,44160,44160,0,44160,100111,0,0,0,0,100111,100111,0,100111,2018
1,19930,AS,AS,Alaska Airlines Inc.,3,56426937,0,0,1540038,1540038,57966975,56468118,1540038,58008156,121074317,0,0,3506973,3506973,124581290,121153924,3506973,124660897,2018
1,20409,B6,B6,JetBlue Airways,3,53977431,0,0,12900982,12900982,66878413,53985306,12900982,66886288,114612170,0,0,27393107,27393107,142005277,114629092,27393107,142022199,2018
1,21167,CP,CP,Compass Airlines,2,0,0,0,0,0,0,0,0,0,0,0,0,0,0,0,0,0,0,2018
1,19790,DL,DL,Delta Air Lines Inc.,3,155927269,46437915,29704100,30677967,106819982,262747251,157691468,106874624,264566092,321399594,95718517,61226531,63233879,220178927,541578521,326289455,220291555,546581010,2018
1,20366,EV,EV,ExpressJet Airlines Inc.,3,0,0,0,0,0,0,0,0,0,0,0,0,0,0,0,0,0,0,2018
1,20436,F9,F9,Frontier Airlines Inc.,3,19838849,0,0,2367542,2367542,22206391,19838849,2367542,22206391,38873888,0,0,4706056,4706056,43579944,38873888,4706056,43579944,2018
1,20107,FX,FX,Federal Express Corporation,3,56827364,13372611,21530230,1992053,36894894,93722258,58608033,37324100,95932133,113558000,27068000,42280000,4326000,73674000,187232000,117140326,74527000,191667326,2018
1,20368,G4,G4,Allegiant Air,3,13661026,0,0,0,0,13661026,14124731,59298,14184029,30199307,0,0,0,0,30199307,31266501,150033,31416534,2018
1,20500,G7,G7,GoJet Airlines LLC d/b/a United Express,2,0,0,0,0,0,0,0,0,0,0,0,0,0,0,0,0,0,0,2018
1,20166,GFQ,GFQ,Gulf And Caribbean Cargo,1,0,0,0,0,0,0,191279,266093,457372,0,0,0,0,0,0,462989,690943,1153932,2018
1,20402,GL,GL,Miami Air International,2,0,0,0,0,0,0,363126,234130,597256,0,0,0,0,0,0,1139536,734730,1874266,2018
1,19690,HA,HA,Hawaiian Airlines Inc.,3,15104660,0,7316195,0,7316195,22420855,15115998,7316195,22432193,29872091,0,14224772,0,14224772,44096863,29894018,14224772,44118790,2018
1,20370,KAQ,KAQ,Kalitta Air LLC,2,0,0,0,0,0,0,698701,3118500,3817201,0,0,0,0,0,0,1434317,6834833,8269150,2018
1,21629,KD,KD,Western Global,1,0,0,0,0,0,0,586944,497165,1084109,0,0,0,0,0,0,965656,1091841,2057497,2018
1,21634,KH,KH,Aloha Air Cargo,1,432202,0,0,0,0,432202,432202,0,432202,863451,0,0,0,0,863451,863451,0,863451,2018
1,20372,KLQ,KLQ,Kalitta Charters II,1,0,0,0,0,0,0,89058,79804,168862,0,0,0,0,0,0,238881,217715,456596,2018
1,20169,L2,L2,Lynden Air Cargo Airlines,1,92605,0,0,0,0,92605,168707,43964,212671,221954,0,0,0,0,221954,432443,139490,571933,2018
1,20151,M6,M6,Amerijet International,2,0,0,0,1393584,1393584,1393584,382418,1450106,1832524,0,0,0,3054888,3054888,3054888,838302,3178790,4017092,2018
1,20398,MQ,MQ,Envoy Air,3,0,0,0,0,0,0,0,0,0,0,0,0,0,0,0,0,0,0,2018
1,20405,N8,N8,National Air Cargo Group Inc d/ba National Airlines,1,0,0,0,0,0,0,48091,1065432,1113523,0,0,0,0,0,0,122419,2202006,2324425,2018
1,20108,NC,NC,Northern Air Cargo Inc.,1,359210,0,0,0,0,359210,473048,4327,477375,808844,0,0,0,0,808844,1052458,9770,1062228,2018
1,20416,NK,NK,Spirit Air Lines,3,29081619,0,0,2528836,2528836,31610455,29081619,2528836,31610455,63997667,0,0,5565015,5565015,69562682,63997667,5565015,69562682,2018
1,20397,OH,OH,PSA Airlines Inc.,2,0,0,0,0,0,0,0,0,0,0,0,0,0,0,0,0,0,0,2018
1,20304,OO,OO,SkyWest Airlines Inc.,3,7718601,0,0,0,0,7718601,7718601,0,7718601,18509402,0,0,0,0,18509402,18509402,0,18509402,2018
1,20177,PFQ,PFQ,Asia Pacific,1,0,0,0,0,0,0,0,383900,383900,0,0,0,0,0,0,0,834814,834814,2018
1,20100,PO,PO,Polar Air Cargo Airways,3,2702434,808761,11467813,0,12276574,14979008,2702434,12276574,14979008,5474104,1962033,21260028,0,23222061,28696165,5474104,23222061,28696165,2018
1,19687,QX,QX,Horizon Air,2,0,0,0,0,0,0,0,0,0,0,0,0,0,0,0,0,0,0,2018
1,20422,SY,SY,Sun Country Airlines d/b/a MN Airlines,2,3173913,0,0,1374684,1374684,4548597,3605952,1537296,5143248,6516582,0,0,3175518,3175518,9692100,8392084,3553659,11945743,2018
1,20447,U7,U7,USA Jet Airlines Inc.,2,0,0,0,0,0,0,327303,15135,342438,0,0,0,0,0,0,667469,43725,711194,2018
1,19977,UA,UA,United Air Lines Inc.,3,120128303,49380913,54011106,31260979,134652998,254781301,120886857,135095219,255982076,237636702,97620436,105935311,64407817,267963564,505600266,239129660,268814169,507943829,2018
1,20195,WI,WI,Sky Lease Cargo,1,0,0,0,0,0,0,0,2131746,2131746,0,0,0,0,0,0,0,4668490,4668490,2018
1,20310,WL,WL,"Caribbean Sun Airlines, Inc. d/b/a World Atlantic Airlines",1,0,0,0,0,0,0,21791,60597,82388,0,0,0,0,0,0,55729,154973,210702,2018
1,20377,X9,X9,Omni Air International LLC,2,0,0,0,0,0,0,375924,2691363,3067287,0,0,0,0,0,0,802044,5545449,6347493,2018
1,20207,XP,XP,XTRA Airways,1,0,0,0,0,0,0,304290,246038,550328,0,0,0,0,0,0,687478,807982,1495460,2018
1,20378,YV,YV,Mesa Airlines Inc.,2,0,0,0,0,0,0,0,0,0,0,0,0,0,0,0,0,0,0,2018
1,20452,YX,YX,Republic Airline,2,22451,0,0,0,0,22451,22451,0,22451,52500,0,0,0,0,52500,52500,0,52500,2018
1,19393,WN,WN,Southwest Airlines Co.,3,161138026,0,0,1834713,1834713,162972739,161332466,1834713,163167179,315017449,0,0,4296170,4296170,319313619,315397696,4296170,319693866,2018
